LevelLoader.CreateGameObject("PEObject16_tArrow",0.875067, 0.0, 0.484002, 0.0, 0.0, 1.0, -0.0, 0.0, -0.484002, -0.0, 0.875067, 0.0, 943.203754, 0.0, 1284.333168, 1.0, 'minWalkingCenter.x_PEObject16_tArro.lua', 'CharacterControl',0x76f9d530, 0x1c5411e0, 0xbea5001b, 0x213b583a)

LevelLoader.CreateGameObject("PEObject15_tArrow",0.412808, 0.0, -0.910818, 0.0, -0.0, 1.0, -0.0, 0.0, 0.910818, 0.0, 0.412808, 0.0, 21.663907, 0.0, 183.532479, 1.0, 'minWalkingCenter.x_PEObject15_tArro.lua', 'CharacterControl',0x7077e0cf, 0x1c5411e0, 0xb14b001b, 0x213b583a)

LevelLoader.CreateGameObject("PEObject45_nazi_rep",1.0, 0.0, -0.0, 0.0, 0.0, 1.0, -0.0, 0.0, -0.0, -0.0, 1.0, 0.0, -264.339807, 0.0, 1.700374, 1.0, 'minWalkingCenter.x_PEObject45_nazi_.lua', 'CharacterControl',0x2bda3070, 0x2bfc11e4, 0x9209b8e8, 0x560d92e3)

LevelLoader.CreateGameObject("PEObject17_pCar",-0.999069, -0.0, 0.043144, 0.0, 0.0, 1.0, 0.0, 0.0, -0.043144, -0.0, -0.999069, 0.0, 453.346931, 0.0, 527.207712, 1.0, 'minWalkingCenter.x_PEObject17_pCar.lua', 'CharacterControl',0xb2cfd370, 0x1c5411e0, 0x9f4e001b, 0x213b583a)

